2010;7;3;0;15;1.41;0.282;14.47;57.024;388.46;8.66;31.85;0;999.06;0;0;0;0;-72.96;300.52;373.01;-72.85;12.457;11.898;8.785;0.241;0.241;0.341;0.876;0.234;-15.217;-0.03893;5.4554
2010;7;3;0;45;1.67;0.334;14.46;58.864;387.97;8.88;32.21;0;999.34;0;0;0;0;-70.27;299.92;374.36;-69.28;12.26;11.822;8.793;0.247;0.261;0.35;0.876;0.254;-21.869;0.16501;5.3665
2010;7;3;1;15;1.39;0.278;13.89;61.786;388.63;8.975;30.27;0;999.67;0;0;0;0;-65.56;298.78;370.43;-65.49;12.087;11.75;8.803;0.239;0.25;0.346;0.877;0.273;-16.487;0.03418;5.2896
2010;7;3;1;45;1.55;0.31;13.77;62.675;389.3;9.07;28.47;0;999.61;0;0;0;0;-63;297.65;368.98;-62.63;11.91;11.682;8.822;0.231;0.239;0.341;0.879;0.293;-16.669;-0.19446;5.1975
2010;7;3;2;15;1.76;0.352;13.65;65.11;387.6;9.34;23.16;0;999.66;0;0;0;0;-67.48;295.99;368.26;-67.22;11.74;11.598;8.828;0.233;0.244;0.347;0.88;0.313;-58.76;0.11975;4.5047
2010;7;3;2;45;1.5;0.3;13.14;67.029;387.94;9.37;20.29;0;999.74;0.087;0.349;0.107;0.427;-68.59;295.04;364.24;-69.3;11.583;11.522;8.832;0.236;0.246;0.351;0.881;0.332;-36.462;0.00111;4.8173
2010;7;3;3;15;1.33;0.266;12.97;68.549;388.17;9.47;21.2;0;999.82;0.675;1.994;0.825;2.437;-71.87;294.97;363.03;-74.84;11.437;11.452;8.835;0.229;0.242;0.344;0.883;0.352;-12.045;0.04872;4.2238
2010;7;3;3;45;0.98;0.196;13.06;68.875;387.41;9.49;21.58;0;999.95;1.776;3.845;2.17;4.699;-72.37;295.46;362.55;-76.43;11.31;11.372;8.838;0.237;0.241;0.344;0.885;0.371;-11.392;0.19299;3.2184
2010;7;3;4;15;0.91;0.182;13.2;69.184;386.52;9.55;22.27;0;1000.1;9.984;9.924;12.202;12.13;-59;296.65;365.13;-88.51;11.203;11.298;8.845;0.238;0.24;0.344;0.886;0.391;4.2792;0.23573;1.1838
2010;7;3;4;45;0.9;0.18;13.54;68.433;384.85;9.53;21.85;0;1000.3;22.972;15.818;28.077;19.333;-18.54;298.47;369.18;-83.39;11.133;11.22;8.835;0.223;0.239;0.346;0.889;0.411;10.843;0.41182;-0.44737
2010;7;3;5;15;0.98;0.196;13.74;68.18;384.47;9.49;22.53;0;1000.5;41.288;18.953;50.463;23.165;-12.27;299.6;372.28;-119.14;11.103;11.168;8.85;0.217;0.24;0.345;0.891;0.43;17.514;0.67329;-3.5134
2010;7;3;5;45;1.01;0.202;14.25;65.881;383.16;9.44;23.36;0;1000.6;61.29;22.401;74.909;27.38;9.37;301.88;377.92;-144.5;11.087;11.076;8.818;0.23;0.258;0.336;0.883;0.353;32.801;1.0797;-5.7697
2010;7;3;6;15;1.01;0.202;14.78;65.938;387.1;9.73;20.08;0;1000.7;86.156;25.782;105.3;31.511;56.39;304.64;382.93;-156.75;11.117;11.008;8.813;0.234;0.24;0.34;0.877;0.27;4.6781;0.8131;-7.622
2010;7;3;6;45;0.91;0.182;15.57;64.107;388.4;9.86;21.36;0;1000.8;111.25;27.023;135.97;33.029;100.37;307.32;388.93;-166.38;11.21;10.96;8.787;0.241;0.242;0.335;0.875;0.219;66.29;1.8724;-9.1178
2010;7;3;7;15;1.04;0.208;16.47;60.293;383.5;9.82;24.31;0;1000.9;136.98;28.386;167.42;34.695;147.43;310.67;394.69;-172.76;11.41;10.962;8.777;0.232;0.239;0.338;0.874;0.174;74.948;1.6532;-10.132
2010;7;3;7;45;1.31;0.262;17.4;55.472;379.8;9.64;27.21;0;1000.8;162.65;30.076;198.8;36.76;209.86;315.39;402.02;-166.23;11.753;10.964;8.785;0.229;0.239;0.339;0.873;0.134;89.673;1.0162;-9.5146
2010;7;3;8;15;1.07;0.214;18.12;52.209;379.68;9.5;29.15;0;1000.9;186.34;31.766;227.75;38.825;297.48;318.47;407.03;-130.04;11.913;11.004;8.78;0.227;0.24;0.34;0.872;0.103;181.62;3.4199;-11.218
2010;7;3;8;45;1.4;0.28;18.64;49.058;380.22;9.13;30.62;0;1001;208.46;35.243;254.79;43.074;254.51;321.99;412.43;-222.91;12.023;10.986;8.752;0.243;0.24;0.336;0.872;0.071;118.74;2.4929;-11.556
2010;7;3;9;15;1.11;0.222;19.43;47.076;380.17;9.05;31.41;0;1001;228.78;36.765;279.63;44.935;363.78;325.58;417.88;-159.52;12.21;11.016;8.755;0.246;0.24;0.344;0.872;0.05;220.12;3.9282;-11.895
2010;7;3;9;45;1.52;0.304;20.02;44.934;379.92;9;32.39;0;1001;252.45;34.296;308.55;41.917;427.26;328.31;423.1;-137.93;12.433;11.078;8.765;0.23;0.255;0.342;0.872;0.025;190.78;3.3349;-9.1217
2010;7;3;10;15;1.45;0.29;20.38;42.84;379.56;9.02;34.15;0;1001.2;269.14;35.033;328.95;42.818;430.43;329.8;426.83;-168.48;12.727;11.138;8.755;0.235;0.238;0.332;0.872;0.007;256.9;4.0044;-11.875
2010;7;3;10;45;1.67;0.334;20.87;42.849;379.42;9.24;33.59;0;1001.1;280.88;37.074;343.3;45.313;478.6;332.31;430.34;-147.85;13.113;11.232;8.742;0.228;0.235;0.336;0.872;0;373.22;7.1739;-13.434
2010;7;3;11;15;1.44;0.288;21.47;40.458;380.29;8.96;34.13;0;1000.9;290.81;37.392;355.43;45.701;540.29;333.88;435.67;-107.62;13.573;11.33;8.727;0.219;0.239;0.337;0.872;0;299.1;5.7016;-11.649
2010;7;3;11;45;2.15;0.43;21.71;38.906;380.75;8.74;35.33;0;1000.9;297.27;39.176;363.33;47.881;554.06;335.91;438.59;-111.8;13.957;11.46;8.74;0.231;0.235;0.334;0.872;0;307.42;4.6304;-11.501
2010;7;3;12;15;2.6;0.52;22.18;35.649;381.98;8.27;37.75;0;1000.8;299.48;40.597;366.03;49.619;582.17;336.06;441.22;-90.58;14.503;11.572;8.732;0.225;0.233;0.344;0.872;0;223.61;6.6733;-12.587
2010;7;3;12;45;2.27;0.454;22.64;32.486;382.49;7.74;39.02;0;1000.7;296.73;41.295;362.67;50.471;607.83;338.04;444.62;-61.46;14.427;11.686;8.732;0.227;0.246;0.33;0.872;0;197.52;4.4628;-11.273
2010;7;3;13;15;2.22;0.444;23.16;30.524;382.33;7.9;38.56;0;1000.8;290.19;40.198;354.67;49.131;597.89;340.41;447;-57.78;14.753;11.792;8.732;0.218;0.231;0.334;0.872;0;324.67;5.4132;-9.807
2010;7;3;13;45;1.6;0.32;23.14;33.305;382.17;8.06;38.51;0;1000.7;284.64;38.584;347.89;47.159;606.84;345.84;448.08;-34.74;14.927;11.898;8.725;0.231;0.234;0.339;0.872;0;272.4;3.5002;-8.8553
2010;7;3;14;15;1.99;0.398;23.58;35.328;381.15;8.8;37.22;0;1000.7;273.05;54.08;333.73;66.098;621.14;354.2;450.49;-28.97;15.15;12.002;8.715;0.234;0.233;0.333;0.872;0;258.87;3.1085;-7.2733
2010;7;3;14;45;2.01;0.402;23.83;36.214;380.63;9.24;37.08;0;1000.5;254.92;52.841;311.57;64.583;581.85;356.95;450.57;-27.85;15.287;12.102;8.715;0.237;0.232;0.327;0.872;0;337.71;4.9901;-9.1741
2010;7;3;15;15;2;0.4;23.97;36.797;380.18;9.4;36.86;0;1000.2;225.67;44.059;275.81;53.85;503.27;353.79;449.04;-29.91;15.32;12.236;8.725;0.209;0.238;0.338;0.872;0;245.62;3.2321;-6.4422
2010;7;3;15;45;2.08;0.416;24.11;36.921;379.94;9.54;37.81;0;1000.1;214.44;39.629;262.09;48.435;472.56;353.83;449.39;-27.18;15.6;12.278;8.723;0.206;0.237;0.332;0.872;0;257.61;5.0312;-7.5928
2010;7;3;16;15;2.02;0.404;24.31;37.109;379.74;9.71;38.26;0;999.93;192.54;36.463;235.33;44.566;446.21;354.56;448.96;-3.06;15.55;12.374;8.703;0.22;0.236;0.335;0.872;0;161.16;2.3776;-4.892
2010;7;3;16;45;1.96;0.392;24.49;37.181;379.57;9.8;38.21;0;999.71;168.46;37.223;205.9;45.494;393.05;355.22;447.7;-8.77;15.633;12.412;8.705;0.235;0.235;0.333;0.872;0;179.11;3.0092;-4.8056
2010;7;3;17;15;1.89;0.378;24.36;38.184;378.9;10.15;38.95;0;999.65;118.64;33.614;145;41.083;272.19;354.62;444.27;-23.4;15.49;12.464;8.7;0.22;0.229;0.336;0.873;0.158;66.991;1.8727;-2.8835
2010;7;3;17;45;2.12;0.424;24.55;37.992;379.32;10.1;39.71;0;999.52;126.1;32.201;154.13;39.357;303.58;354.93;444.35;-1.55;15.38;12.474;8.688;0.213;0.23;0.342;0.872;0;108.18;2.5553;-5.1607
2010;7;3;18;15;2.35;0.47;24.48;38.187;379.59;10.2;39.56;0;999.47;77.462;29.274;94.676;35.779;235.93;352.65;441.79;39.68;15.333;12.508;8.703;0.219;0.229;0.333;0.874;0.199;75.636;2.3959;-2.9842
2010;7;3;18;45;2.44;0.488;24.28;38.435;379.89;10.11;39.79;0;999.43;78.818;27.656;96.334;33.802;178.48;350.47;438.74;-22.46;15.267;12.538;8.703;0.217;0.232;0.342;0.872;0.027;49.418;2.5176;-3.1959
2010;7;3;19;15;1.99;0.398;24.12;39.028;379.96;10.2;39.84;0;999.35;56.609;25.291;69.189;30.911;120.09;349.24;436.64;-31.43;15.187;12.56;8.707;0.227;0.245;0.333;0.872;0.051;12.39;1.5068;-1.6343
2010;7;3;19;45;1.73;0.346;23.91;39.813;380.07;10.3;39.21;0;999.29;35.793;21.866;43.747;26.725;61.53;348.67;433.89;-42.03;15.13;12.59;8.723;0.216;0.228;0.341;0.872;0.101;-11.565;0.96752;-0.3515
2010;7;3;20;15;1.34;0.268;23.54;41.32;381.03;10.48;38.31;0;999.31;19.27;17.734;23.552;21.674;16.87;348.87;430.1;-47.16;15.013;12.598;8.732;0.223;0.237;0.339;0.873;0.12;-28.585;0.99041;1.2535
2010;7;3;20;45;1.14;0.228;23.03;43.187;381.46;10.75;34.69;0;999.41;7.525;12.734;9.197;15.564;-21.33;348.62;424.6;-56.18;14.873;12.602;8.75;0.229;0.242;0.338;0.873;0.14;-23.552;0.54488;3.7482
2010;7;3;21;15;1.21;0.242;21.83;48.512;382.76;11.35;33.63;0;999.59;1.951;6.725;2.384;8.22;-47.14;347.32;417.76;-61.85;14.71;12.606;8.758;0.236;0.248;0.337;0.873;0.159;-40.903;0.41643;5.1688
2010;7;3;21;45;1.58;0.316;21.2;49.431;385.57;11.25;34.21;0;999.64;0.684;3.393;0.836;4.147;-55.34;346.36;413.91;-62.85;14.537;12.588;8.775;0.221;0.23;0.331;0.874;0.179;-34.595;0.35548;5.8919
2010;7;3;22;15;1.67;0.334;20.42;51.066;388.63;11.03;36.63;0;999.71;0.279;1.116;0.341;1.364;-60.21;343.33;410.84;-63.42;14.37;12.576;8.783;0.216;0.233;0.335;0.874;0.198;-53.237;0.40264;4.473
2010;7;3;22;45;1.69;0.338;19.63;53.494;390.97;10.97;36.39;0;999.93;0.098;0.392;0.12;0.48;-62.09;339.15;407.05;-63.29;14.19;12.536;8.785;0.239;0.244;0.332;0.875;0.218;-37.228;0.20786;6.8149
2010;7;3;23;15;2.1;0.42;19.23;52.833;392.89;10.49;36.35;0;1000.1;0.017;0.068;0.021;0.084;-64.92;335.59;405.4;-65.22;14.033;12.5;8.797;0.231;0.236;0.329;0.876;0.237;-46.331;0.29852;7.9992
2010;7;3;23;45;1.72;0.344;18.61;54.29;393.5;10.41;36.4;0;1000.1;0.104;-0;0.127;-0;-59.37;336.63;401.93;-59.71;13.89;12.47;8.815;0.234;0.236;0.331;0.877;0.257;-23.872;0.12274;6.1434
2010;7;4;0;15;2.13;0.426;18.15;54.918;393.8;10.21;37.65;0;1000.2;0;0;0;0;-57.93;334.85;399.68;-57.61;13.713;12.4;8.8;0.236;0.236;0.333;0.878;0.277;-59.135;0.36965;9.5579
2010;7;4;0;45;2.56;0.512;18;54.359;393.29;9.92;40.87;0;1000.4;0;0;0;0;-59.45;334.2;399.33;-59.13;13.587;12.364;8.822;0.219;0.23;0.335;0.879;0.296;-59.695;0.70571;8.4599
2010;7;4;1;15;1.85;0.37;17.45;56.016;394.49;9.9;40.75;0;1000.4;0;0;0;0;-58.32;332.5;396.52;-58.24;13.457;12.32;8.828;0.222;0.236;0.337;0.88;0.316;-34.399;0.1547;4.7607
2010;7;4;1;45;1.57;0.314;16.78;57.912;395.69;9.88;40.29;0;1000.3;0;0;0;0;-51.64;334.1;392.86;-51.58;13.303;12.254;8.818;0.255;0.228;0.355;0.881;0.335;-51.571;0.01967;5.6433
2010;7;4;2;15;1.75;0.35;16.55;58.694;396.46;9.85;39.1;0;1000.3;0.013;0.054;0.016;0.066;-48.82;334.78;391.83;-49.06;13.203;12.226;8.835;0.227;0.232;0.325;0.883;0.355;-56.811;0.22809;6.7641
2010;7;4;2;45;1.61;0.322;16.08;61.522;397.42;10.06;38.74;0;1000.4;0.253;1.012;0.309;1.236;-45.07;333.48;389.66;-47.97;13.083;12.202;8.835;0.225;0.234;0.339;0.885;0.374;-27.875;0.04118;5.3541
2010;7;4;3;15;1.59;0.318;15.51;64.208;400.6;10.18;37.09;0;1000.4;0.701;3.561;0.856;4.352;-44.92;333.14;387.21;-53.07;12.927;12.096;8.842;0.227;0.235;0.337;0.887;0.394;-27.485;0.09013;4.7933
2010;7;4;3;45;1.84;0.368;15.62;62.761;400.54;9.99;35.25;0;1000.4;1.144;7.347;1.399;8.98;-48.2;333.87;387.15;-62.37;12.867;12.068;8.848;0.23;0.237;0.335;0.889;0.413;-42.172;0.20408;3.894
2010;7;4;4;15;1.85;0.37;15.88;61.084;399.72;9.8;33.36;0;1000.2;4.984;14.604;6.092;17.85;-53.04;334.57;388.85;-86.1;12.757;11.998;8.855;0.251;0.233;0.332;0.891;0.433;-42.875;0.41499;3.666
2010;7;4;4;45;1.79;0.358;16.24;59.178;398.01;9.7;32.61;0;1000;11.743;24.284;14.353;29.68;-48.98;335.87;391.12;-112.21;12.75;11.968;8.86;0.23;0.233;0.33;0.894;0.453;-24.334;0.57483;0.47786
2010;7;4;5;15;1.98;0.396;16.76;56.158;394.89;9.5;32.37;0;999.99;21.67;33.806;26.486;41.318;-19.91;338.8;394.45;-120.75;12.737;11.926;8.855;0.225;0.231;0.343;0.896;0.472;-20.681;1.0084;-1.211
2010;7;4;5;45;2.13;0.426;17.19;55.04;392.57;9.5;32.82;0;999.93;16.587;36.995;20.273;45.216;-10.45;341.38;397.14;-111.13;12.753;11.866;8.85;0.23;0.243;0.339;0.916;0.584;-13.488;1.2095;-2.7578
2010;7;4;6;15;2.37;0.474;17.84;53.551;389.16;9.57;34.02;0;999.81;49.102;42.995;60.013;52.55;28.48;341.66;401.1;-145.91;12.777;11.83;8.848;0.234;0.235;0.332;0.887;0.397;24.831;2.1614;-7.1491
2010;7;4;6;45;2.09;0.418;18.92;52.225;386.56;9.89;36.24;0;999.69;81.137;44.777;99.168;54.727;81.1;344.88;408.02;-159.11;12.91;11.832;8.855;0.23;0.232;0.342;0.878;0.287;82.666;2.2938;-8.5793
2010;7;4;7;15;2.47;0.494;19.49;51.888;385.63;10.17;36.98;0;999.75;103.57;48.692;126.59;59.513;120.1;346.91;412.21;-173.25;13.023;11.816;8.857;0.242;0.289;0.35;0.876;0.237;122.1;2.6445;-9.4653
2010;7;4;7;45;2.92;0.584;20.16;51.162;383.8;10.43;38.18;0;999.84;124.84;52.943;152.59;64.709;163.46;349.36;416.89;-181.8;13.29;11.804;8.86;0.228;0.23;0.332;0.874;0.199;138.59;3.0747;-11.179
2010;7;4;8;15;2.69;0.538;20.99;50.307;381.61;10.78;39.28;0;999.86;145.46;56.732;177.79;69.339;238.73;352.79;423.23;-155.65;13.437;11.84;8.852;0.224;0.285;0.321;0.873;0.167;138.45;3.2234;-12.117
2010;7;4;8;45;2.54;0.508;21.75;49.374;380.35;11.09;41.94;0;999.81;163.53;63.016;199.87;77.019;285.1;355.88;428.24;-158.21;13.583;11.866;8.85;0.226;0.229;0.326;0.873;0.135;180.34;4.5249;-14.635
2010;7;4;9;15;2.67;0.534;22.46;48.102;379.57;11.3;42.9;0;999.8;181.87;66.691;222.28;81.512;349.19;358.98;434.35;-138.69;13.8;11.932;8.842;0.23;0.227;0.328;0.872;0.109;145.83;3.7071;-11.233
2010;7;4;9;45;2.86;0.572;22.77;47.775;379.62;11.38;42.92;0;999.68;204.07;64.386;249.42;78.694;385.94;360.76;436.94;-142.16;14.013;11.952;8.832;0.228;0.226;0.328;0.872;0.086;215.61;3.9869;-11.602
2010;7;4;10;15;2.51;0.502;23.42;46.759;379.4;11.48;43.45;0;999.66;223.48;62.769;273.14;76.718;436.31;363.43;442.75;-127.73;14.35;12.028;8.832;0.226;0.226;0.327;0.872;0.064;224.18;4.7832;-12.619
2010;7;4;10;45;2.59;0.518;23.93;45.507;379.26;11.54;44.55;0;999.71;234.26;66.583;286.32;81.379;483.16;365.67;447.16;-110.04;14.743;12.134;8.822;0.214;0.227;0.33;0.872;0.046;217.87;5.0916;-11.986
2010;7;4;11;15;2.49;0.498;24.29;44.172;378.19;11.6;44.59;0;999.79;238.14;71.104;291.06;86.905;511.94;367.1;450.56;-98.93;15.217;12.254;8.822;0.211;0.227;0.324;0.872;0.039;243.97;4.7228;-9.6305
2010;7;4;11;45;2.5;0.5;24.75;42.907;378.37;11.55;45.49;0;999.77;243.57;72.701;297.7;88.857;559.99;369.34;454.33;-65.69;15.58;12.372;8.822;0.212;0.224;0.337;0.872;0.027;244.06;4.6306;-11.116
2010;7;4;12;15;2.68;0.536;25.26;41.776;378.8;11.44;47.65;0;999.71;241.92;77.974;295.68;95.301;587.05;370.57;457.42;-46.41;16.087;12.488;8.815;0.214;0.225;0.331;0.872;0.017;298.35;5.1745;-10.492
2010;7;4;12;45;3.21;0.642;25.46;41.089;378.68;11.41;48.32;0;999.65;240.71;78.506;294.2;95.952;598.38;371.58;458.71;-33.9;16.067;12.648;8.828;0.207;0.223;0.328;0.872;0.011;310.56;5.0674;-9.1814
2010;7;4;13;15;3.13;0.626;25.66;40.139;378.67;11.39;49.79;0;999.56;243.02;71.48;297.02;87.364;592.57;371.94;459.32;-30.92;16.403;12.752;8.828;0.22;0.223;0.324;0.872;0.007;224.32;3.7302;-9.1242
2010;7;4;13;45;3;0.6;26.18;39.183;378.65;11.37;50.55;0;999.52;241.46;64.948;295.12;79.381;586.84;373.78;462.73;-20.98;16.6;12.87;8.83;0.217;0.225;0.324;0.872;0.004;399.29;5.919;-10.909
2010;7;4;14;15;2.27;0.454;26.54;39.093;377.99;11.64;49.07;0;999.29;236;60.022;288.45;73.36;593;375.14;465.12;5.99;16.777;12.982;8.832;0.208;0.227;0.319;0.872;0;444.08;6.9931;-11.013
2010;7;4;14;45;2.68;0.536;26.55;38.812;378.2;11.56;50.37;0;999;226.19;56.37;276.46;68.896;550.44;374.92;464.23;-8.64;16.89;13.094;8.822;0.21;0.221;0.325;0.872;0;244.13;3.0452;-6.6789
2010;7;4;15;15;2.79;0.558;26.71;38.902;377.94;11.71;49.59;0;998.83;210.66;55.097;257.47;67.341;534.31;374.97;464.16;10.3;16.893;13.188;8.822;0.221;0.224;0.325;0.872;0;329.82;5.0681;-8.5026
2010;7;4;15;45;2.78;0.556;26.61;39.216;377.72;11.77;50.03;0;998.57;194.46;51.562;237.67;63.02;494.75;374.41;462.47;11.37;17.197;13.262;8.828;0.214;0.224;0.326;0.872;0;266.87;3.3451;-1.6032
2010;7;4;16;15;2.11;0.422;26.61;39.801;377.14;11.95;50.12;0;998.4;181.21;45.795;221.48;55.972;471.71;374.15;461.91;27.16;17.12;13.35;8.828;0.212;0.223;0.328;0.872;0;235.88;3.5769;-5.9071
2010;7;4;16;45;2.45;0.49;26.61;40.08;376.9;12.1;50.04;0;998.24;159.82;42.619;195.33;52.089;409.96;373.4;460.12;15.29;17.15;13.4;8.82;0.21;0.222;0.329;0.872;0.005;221.43;3.3593;-6.0245
2010;7;4;17;15;2.54;0.508;26.47;40.177;376.53;12.06;50.38;0;997.94;140.73;37.629;172;45.991;365.09;371.4;457.03;19.56;17.013;13.458;8.83;0.224;0.219;0.322;0.872;0.012;172.16;2.3756;-4.8401
2010;7;4;17;45;2.36;0.472;26.28;40.35;376.53;11.98;51.43;0;997.73;120.59;32.991;147.39;40.322;319.63;369.69;454.25;24.08;16.867;13.468;8.81;0.203;0.224;0.323;0.872;0.021;129.83;2.0723;-2.8033
2010;7;4;18;15;2.16;0.432;26.06;40.723;376.58;11.92;52.58;0;997.65;75.048;30.482;91.725;37.255;223.59;367.89;451.7;28.9;16.767;13.5;8.828;0.218;0.221;0.325;0.874;0.206;104.07;2.2735;-2.7014
2010;7;4;18;45;2.11;0.422;25.78;41.178;376.6;11.95;51.86;0;997.56;73.29;29.252;89.576;35.752;182.7;365.45;448.06;-10.87;16.633;13.508;8.825;0.23;0.237;0.338;0.872;0.06;75.213;1.8571;-2.0456
2010;7;4;19;15;2.23;0.446;25.33;41.75;376.63;11.75;51.67;0;997.57;50.928;27.381;62.246;33.465;117.13;363.02;444.23;-27.67;16.523;13.526;8.838;0.215;0.224;0.329;0.872;0.089;42.683;2.0774;-2.0059
2010;7;4;19;45;1.98;0.396;24.87;43.152;376.85;11.82;49.1;0;997.51;32.413;23.76;39.616;29.04;65.49;360.87;440.77;-35.65;16.403;13.536;8.845;0.213;0.226;0.326;0.873;0.119;0.22303;0.8496;0.0799
2010;7;4;20;15;1.89;0.378;24.21;44.244;377.84;11.72;46.09;0;997.47;17.794;18.728;21.749;22.889;19.74;357.42;435.9;-43.67;16.27;13.546;8.867;0.209;0.223;0.338;0.873;0.135;-19.848;0.85341;1.8736
2010;7;4;20;45;1.69;0.338;23.55;45.6;379.18;11.65;44.39;0;997.33;7.52;12.892;9.191;15.757;-19.09;353.41;431.04;-54.1;16.09;13.554;8.885;0.219;0.223;0.326;0.873;0.151;-34.542;0.87229;2.7008
2010;7;4;21;15;1.53;0.306;22.74;47.705;381.03;11.77;41.63;0;997.34;2.342;6.51;2.862;7.956;-54.59;347.79;424.89;-69.48;15.89;13.522;8.898;0.223;0.218;0.319;0.873;0.167;-37.809;0.31764;5.5799
2010;7;4;21;45;1.7;0.34;21.74;49.469;384.37;11.52;39.53;0;997.32;0.6;2.388;0.733;2.919;-65;341.45;418.86;-70.83;15.663;13.498;8.915;0.224;0.224;0.329;0.874;0.183;-51.462;0.33867;6.3651
2010;7;4;22;15;1.52;0.304;20.79;51.678;385.93;11.46;38.42;0;997.3;0.22;0.878;0.268;1.074;-66.61;338.13;412.87;-69.14;15.433;13.458;8.915;0.204;0.224;0.32;0.874;0.199;-36.654;0.15537;6.6357
2010;7;4;22;45;1.7;0.34;19.94;52.853;388.49;11.15;38.24;0;997.14;0.057;0.227;0.069;0.277;-70.1;334.61;408.08;-70.82;15.2;13.416;8.943;0.21;0.223;0.321;0.875;0.215;-29.631;0.34168;6.6042
2010;7;4;23;15;1.46;0.292;19.27;53.405;390.5;10.78;37.35;0;997.11;0;0;0;0;-68.68;332.16;403.99;-68.73;14.97;13.362;8.96;0.216;0.223;0.323;0.875;0.232;-25.422;0.14697;6.493
2010;7;4;23;45;1.54;0.308;18.76;54.5;391.94;10.7;35.3;0;997.23;0;0;0;0;-67.44;330.28;400.55;-67.36;14.717;13.28;8.953;0.22;0.197;0.323;0.876;0.248;-28.17;0.23329;6.3598
2010;7;5;0;15;1.71;0.342;18.13;56.77;393.6;10.75;36.64;0;997.36;0;0;0;0;-64.43;328.37;397.41;-64.24;14.51;13.228;8.988;0.224;0.171;0.323;0.877;0.264;-28.051;0.13612;6.2899
2010;7;5;0;45;1.66;0.332;17.57;58.679;396.92;10.68;35.92;0;997.49;0;0;0;0;-63.97;324.89;394.73;-63.79;14.287;13.152;8.992;0.225;0.222;0.327;0.878;0.28;-27.023;0.31275;6.1757
2010;7;5;1;15;1.67;0.334;17;60.243;398.04;10.63;35.41;0;997.6;0;0;0;0;-67.38;321.11;391.78;-67.21;14.083;13.074;9.005;0.224;0.234;0.324;0.879;0.296;-54.44;0.12226;8.2803
2010;7;5;1;45;1.41;0.282;16.4;62.654;399.15;10.58;34.89;0;997.59;0.012;0.047;0.014;0.057;-60.88;317.04;388.03;-61.15;13.883;12.998;9.02;0.209;0.226;0.325;0.88;0.312;-30.758;-0.15453;5.9547
2010;7;5;2;15;1.92;0.384;16.08;63.52;397.93;10.56;34.12;0;997.56;0.018;0.072;0.022;0.088;-63.49;315.22;386.48;-63.83;13.733;12.938;9.027;0.205;0.238;0.328;0.881;0.328;-62.311;0.14256;5.8812
2010;7;5;2;45;1.74;0.348;15.53;65.186;399.35;10.56;33.31;0;997.38;0.28;1.12;0.342;1.368;-62.18;314.05;384.61;-65.13;13.543;12.856;9.027;0.236;0.236;0.329;0.882;0.344;-21.351;-0.01697;5.5951
2010;7;5;3;15;1.73;0.346;15.23;66.015;399;10.46;33.36;0;997.26;0.809;2.678;0.989;3.273;-85.23;313.34;383.61;-90.25;13.377;12.778;9.035;0.215;0.224;0.328;0.884;0.361;-23.799;-0.00918;4.9874
2010;7;5;3;45;1.61;0.322;14.7;67.77;401.25;10.41;32.43;0;997.12;2.161;4.674;2.642;5.713;-101.18;312.38;381.56;-108.17;13.24;12.694;9.043;0.238;0.225;0.344;0.885;0.377;-16.297;0.00598;3.9509
2010;7;5;4;15;1.44;0.288;14.61;69.245;401.92;10.46;31.97;0;997.01;10.005;10.092;12.229;12.334;-107.35;311.27;381.04;-137.47;13.123;12.616;9.05;0.228;0.227;0.328;0.887;0.393;-13.403;0.09946;1.8359
2010;7;5;4;45;1.19;0.238;14.65;70.347;401.46;10.53;30.91;0;996.88;22.098;16.143;27.008;19.731;-86.01;311.32;381.61;-150.22;13.027;12.562;9.06;0.225;0.225;0.326;0.888;0.409;-14.735;0.25861;0.4101
2010;7;5;5;15;1.5;0.3;15.22;69.823;401.04;10.74;29.98;0;996.77;40.333;19.702;49.296;24.08;-68.94;312.84;385.59;-175.48;12.96;12.464;9.055;0.231;0.223;0.331;0.89;0.425;-2.3913;0.37534;-2.9563
2010;7;5;5;45;1.76;0.352;16.25;67.316;396.02;10.95;31.2;0;996.63;59.501;23.42;72.724;28.624;-31.28;315.18;391.69;-183.3;12.953;12.402;9.057;0.237;0.221;0.337;0.883;0.353;0.45557;0.54281;-5.2754
2010;7;5;6;15;1.81;0.362;17.11;66.258;390.86;11.3;32.64;0;996.53;82.751;26.585;101.14;32.493;11.76;318.03;397.64;-193.24;13.01;12.342;9.057;0.213;0.233;0.332;0.878;0.281;15.144;0.62758;-7.1996
2010;7;5;6;45;2.12;0.424;18.12;63.572;387.05;11.55;33.86;0;996.42;107.61;28.536;131.52;34.877;74.51;321.74;403.5;-184.42;13.073;12.284;9.055;0.217;0.222;0.323;0.875;0.226;71.499;1.4092;-7.7947
2010;7;5;7;15;2.14;0.428;19.06;60.063;383.84;11.49;35.51;0;996.28;132.96;30.437;162.5;37.201;126.42;325.29;409.47;-188.01;13.237;12.254;9.043;0.217;0.227;0.331;0.874;0.179;92.144;2.519;-6.9663
2010;7;5;7;45;2.14;0.428;19.75;57.795;382.73;11.5;36.89;0;996.18;157.76;32.404;192.81;39.605;188.94;328.58;414.6;-179.84;13.573;12.264;9.057;0.209;0.223;0.322;0.873;0.141;107.26;2.2548;-8.2275
2010;7;5;8;15;1.99;0.398;20.54;54.587;380.05;11.54;38.1;0;996.07;181.17;34.676;221.43;42.382;233.88;332.42;420.45;-186.64;13.687;12.258;9.035;0.212;0.222;0.325;0.872;0.109;157.26;3.8342;-11.35
2010;7;5;8;45;2.8;0.56;21.07;52.448;379.03;11.34;39.69;0;995.98;201.93;38.756;246.8;47.369;278.52;335.47;424.43;-192.3;13.85;12.304;9.053;0.21;0.234;0.328;0.872;0.079;161.42;3.1165;-11.145
2010;7;5;9;15;2.86;0.572;21.64;50.975;378.2;11.39;40.37;0;995.79;221.81;41.03;271.1;50.148;350.87;337.83;428.98;-164.86;14.06;12.33;9.04;0.212;0.222;0.324;0.872;0.056;207.88;3.466;-11.668
2010;7;5;9;45;3.5;0.7;22.04;47.454;378.51;10.97;40.75;0;995.68;242.95;39.319;296.94;48.056;379.98;339.39;432.94;-174.75;14.22;12.368;9.043;0.213;0.223;0.329;0.872;0.037;220.5;5.4409;-13.617
2010;7;5;10;15;3.36;0.672;22.62;44.674;378.3;10.62;41.42;0;995.51;259.68;40.178;317.39;49.106;422.82;341.17;437;-167.63;14.523;12.446;9.047;0.206;0.231;0.322;0.872;0.018;238.94;4.3867;-11.454
2010;7;5;10;45;3.36;0.672;22.98;43.294;378.39;10.51;42.67;0;995.34;272.98;42.286;333.64;51.682;480.76;342.26;441.51;-140.67;14.907;12.538;9.033;0.206;0.217;0.329;0.872;0;238.95;4.1125;-10.407
2010;7;5;11;15;3.2;0.64;23.15;43.233;378.71;10.43;43.19;0;995.15;280.77;43.994;343.17;53.771;538.13;344.41;444.14;-103.03;15.363;12.64;9.033;0.212;0.229;0.317;0.872;0;279.2;3.959;-11.549
2010;7;5;11;45;3.16;0.632;23.71;42.47;378.59;10.74;43.37;0;994.89;286.66;45.727;350.36;55.889;573.42;347.58;448.04;-83.89;15.653;12.748;9.04;0.208;0.222;0.319;0.872;0;289.09;4.9516;-11.182
2010;7;5;12;15;3.11;0.622;24.1;41.086;378.59;10.54;43.07;0;994.68;283.67;48.065;346.71;58.746;579.28;350.22;450.92;-76.44;16.207;12.854;9.037;0.204;0.215;0.32;0.872;0;278.46;5.0729;-9.3619
2010;7;5;12;45;3.57;0.714;24.5;37.609;378.67;9.82;44.9;0;994.52;275.25;48.772;336.41;59.611;547.14;349.76;452.37;-93.23;16.137;12.972;9.053;0.205;0.217;0.322;0.872;0;282.49;3.9847;-8.3981
2010;7;5;13;15;3.21;0.642;24.88;35.731;378.67;9.735;45.74;0;994.28;279.49;47.948;341.6;58.603;578.21;350.84;454.73;-71.22;16.433;13.064;9.05;0.222;0.214;0.317;0.872;0;262.75;3.6216;-9.1428
2010;7;5;13;45;3.06;0.612;25.21;35.158;378.66;9.65;46.33;0;994.06;278.47;41.311;340.35;50.492;595.22;353.3;457.26;-38.32;16.567;13.17;9.043;0.222;0.218;0.318;0.872;0;311.68;3.9382;-7.7235
2010;7;5;14;15;3.23;0.646;25.43;35.3;378.28;9.94;46.7;0;993.8;267.63;40.861;327.1;49.941;571.51;355.51;458.73;-39.76;16.677;13.262;9.033;0.21;0.219;0.321;0.872;0;281.77;4.3802;-8.8917
2010;7;5;14;45;2.93;0.586;25.86;34.481;378.23;9.99;47.76;0;993.68;251.8;41.238;307.75;50.402;565.54;357.61;460.58;-13.45;16.77;13.36;9.045;0.205;0.215;0.319;0.872;0;303.64;4.3595;-7.7034
2010;7;5;15;15;3.52;0.704;25.9;34.553;378.41;9.97;50.19;0;993.49;231.3;44.133;282.7;53.94;566.47;357.47;459.24;23.95;16.787;13.442;9.045;0.2;0.217;0.315;0.872;0;222.62;4.0089;-6.3222
2010;7;5;15;45;3.11;0.622;25.94;34.6;378.11;10;50.67;0;993.33;207.42;45.432;253.52;55.528;489.81;358.39;458.5;-6.24;17.107;13.506;9.045;0.224;0.216;0.314;0.872;0;267.22;4.6386;-6.8375
2010;7;5;16;15;3.18;0.636;25.84;35.856;377.37;10.36;51.76;0;993.23;188.87;43.595;230.84;53.283;445.57;359.3;456.44;-8.7;16.957;13.566;9.04;0.207;0.212;0.321;0.872;0;239.13;4.1143;-6.7374
2010;7;5;16;45;2.72;0.544;25.88;37.008;377.02;10.65;50.75;0;993.04;165.5;42.508;202.28;51.954;405.92;360.35;455.61;1.15;16.947;13.616;9.047;0.204;0.21;0.316;0.872;0;146.48;2.7327;-5.0695
2010;7;5;17;15;3.42;0.684;25.71;37.002;377.02;10.56;49.2;0;992.88;142.66;39.472;174.37;48.244;346.18;357.46;451.7;-5.76;16.847;13.638;9.037;0.214;0.214;0.317;0.872;0;164.87;3.2979;-5.193
2010;7;5;17;45;3.25;0.65;25.56;36.042;377.58;10.17;48.57;0;992.74;121.89;34.753;148.97;42.475;299.17;355.14;448.98;-1.36;16.69;13.654;9.043;0.201;0.218;0.314;0.872;0;135.26;3.5968;-5.1356
2010;7;5;18;15;3.35;0.67;25.39;32.877;378.76;9.26;48.19;0;992.69;78.147;31.212;95.513;38.148;262.61;351.06;446.32;61.41;16.553;13.658;9.05;0.208;0.215;0.319;0.874;0.175;84.605;3.6759;-4.2473
2010;7;5;18;45;2.76;0.552;25.11;34.006;378.81;9.4;48.03;0;992.67;79.584;28.168;97.27;34.428;183.66;346.64;443.35;-18.96;16.38;13.672;9.06;0.214;0.212;0.325;0.872;0.009;36.428;0.86854;-1.4839
2010;7;5;19;15;2.81;0.562;24.75;32.776;379.71;8.83;48.05;0;992.65;57.436;25.481;70.2;31.143;130.67;341.19;439.46;-21.87;16.22;13.656;9.063;0.202;0.215;0.317;0.872;0.031;15.449;2.1883;-1.5
2010;7;5;19;45;2.07;0.414;24.33;34.036;380.06;9.05;47.3;0;992.64;36.136;22.454;44.166;27.444;63.02;340.1;436.21;-41.58;16.09;13.656;9.078;0.207;0.217;0.315;0.872;0.074;-18.927;1.363;-0.67586
2010;7;5;20;15;2.12;0.424;23.81;36.583;380.35;9.45;48.32;0;992.62;18.253;18.071;22.309;22.087;8.37;340.15;432.23;-53.93;15.927;13.64;9.098;0.21;0.214;0.323;0.872;0.098;-55.77;1.0735;1.8864
2010;7;5;20;45;1.62;0.324;22.97;39.279;381.78;9.74;47.5;0;992.64;4.634;12.727;5.663;15.556;-37.09;341.18;426.31;-66.99;15.737;13.626;9.105;0.225;0.221;0.316;0.873;0.121;-51.111;0.58466;4.4705
2010;7;5;21;15;1.42;0.284;21.78;42.649;383.55;9.99;44.82;0;992.64;0.961;6.401;1.174;7.824;-57.81;342.66;418.78;-70.91;15.533;13.59;9.12;0.204;0.213;0.311;0.873;0.145;-25.229;0.24861;5.6067
2010;7;5;21;45;1.7;0.34;20.8;46.871;386.48;10.37;43.6;0;992.67;0.548;2.049;0.669;2.504;-58.56;342.89;413.68;-63.67;15.317;13.552;9.135;0.213;0.212;0.315;0.873;0.168;-40.753;0.37177;6.244
2010;7;5;22;15;1.59;0.318;20.27;50.115;387.35;10.76;43.32;0;992.79;0.188;0.752;0.23;0.92;-58.23;343.28;410.45;-60.46;15.107;13.504;9.15;0.221;0.253;0.313;0.874;0.192;-22.988;0.06793;6.499
2010;7;5;22;45;1.62;0.324;19.75;53.217;387.96;11.02;42.43;0;992.88;0.066;0.263;0.08;0.321;-52.41;343.58;406.73;-53.28;14.903;13.448;9.155;0.217;0.231;0.322;0.875;0.215;-19.217;0.10924;6.4802
2010;7;5;23;15;1.89;0.378;19.12;57.06;390.7;11.37;43.88;0;992.95;0;0;0;0;-55.2;342.64;404.24;-55.15;14.727;13.396;9.178;0.216;0.217;0.317;0.876;0.239;-23.068;0.0798;6.3971
2010;7;5;23;45;1.65;0.33;18.87;60.191;391.9;11.8;44.92;0;992.99;0;0;0;0;-58.08;342.53;403.71;-58.02;14.547;13.326;9.175;0.216;0.222;0.32;0.877;0.262;-34.364;-0.00918;5.7265
